=== n = 200 ===
 clip_mult |   mean_mse |    std_mse |    min_mse |    max_mse |     mean_t |      std_t
----------------------------------------------------------------------------------------
     0.010 |     0.0486 |     0.0086 |     0.0347 |     0.0693 |     0.0127 |     0.0015
     0.020 |     0.0627 |     0.0149 |     0.0432 |     0.0940 |     0.0124 |     0.0001
     0.050 |     0.1752 |     0.0330 |     0.1191 |     0.2368 |     0.0124 |     0.0001
     0.100 |     0.3437 |     0.1215 |     0.1682 |     0.6764 |     0.0124 |     0.0001
     0.250 |     2.8329 |     1.5724 |     0.8300 |     6.4969 |     0.0123 |     0.0004

=== n = 500 ===
 clip_mult |   mean_mse |    std_mse |    min_mse |    max_mse |     mean_t |      std_t
----------------------------------------------------------------------------------------
     0.010 |     0.0342 |     0.0052 |     0.0271 |     0.0477 |     0.0182 |     0.0009
     0.020 |     0.0421 |     0.0074 |     0.0250 |     0.0538 |     0.0183 |     0.0003
     0.050 |     0.0825 |     0.0248 |     0.0474 |     0.1427 |     0.0181 |     0.0001
     0.100 |     0.1835 |     0.0349 |     0.1228 |     0.2744 |     0.0183 |     0.0005
     0.250 |     0.5046 |     0.2378 |     0.2674 |     1.4016 |     0.0183 |     0.0001

=== n = 1000 ===
 clip_mult |   mean_mse |    std_mse |    min_mse |    max_mse |     mean_t |      std_t
----------------------------------------------------------------------------------------
     0.010 |     0.0252 |     0.0034 |     0.0183 |     0.0307 |     0.0240 |     0.0003
     0.020 |     0.0257 |     0.0035 |     0.0197 |     0.0337 |     0.0236 |     0.0001
     0.050 |     0.0359 |     0.0080 |     0.0228 |     0.0573 |     0.0239 |     0.0002
     0.100 |     0.0781 |     0.0152 |     0.0529 |     0.1144 |     0.0239 |     0.0002
     0.250 |     0.2651 |     0.1960 |     0.1525 |     1.0842 |     0.0237 |     0.0001

=== n = 2000 ===
 clip_mult |   mean_mse |    std_mse |    min_mse |    max_mse |     mean_t |      std_t
----------------------------------------------------------------------------------------
     0.010 |     0.0221 |     0.0025 |     0.0183 |     0.0262 |     0.0349 |     0.0003
     0.020 |     0.0220 |     0.0023 |     0.0177 |     0.0262 |     0.0345 |     0.0001
     0.050 |     0.0272 |     0.0046 |     0.0206 |     0.0419 |     0.0346 |     0.0005
     0.100 |     0.0446 |     0.0136 |     0.0267 |     0.0918 |     0.0343 |     0.0001
     0.250 |     0.1463 |     0.0408 |     0.0843 |     0.2387 |     0.0343 |     0.0003
