=== n = 200 ===
         m |   mean_mse |    std_mse |    min_mse |    max_mse |     mean_t |      std_t
----------------------------------------------------------------------------------------
         2 |   115.8783 |    22.5521 |    78.3013 |   159.1416 |     0.0111 |     0.0004
        10 |   123.1327 |    17.8426 |    93.0002 |   156.7705 |     0.0112 |     0.0001
        20 |   141.7760 |    27.5151 |    92.9946 |   199.5951 |     0.0114 |     0.0003
        40 |   149.7958 |    26.3314 |   109.9839 |   219.5686 |     0.0116 |     0.0003
       200 |   166.6454 |    40.7878 |   102.2126 |   242.9390 |     0.0108 |     0.0026

=== n = 500 ===
         m |   mean_mse |    std_mse |    min_mse |    max_mse |     mean_t |      std_t
----------------------------------------------------------------------------------------
         5 |    27.6715 |     6.7222 |    19.4669 |    44.6632 |     0.0204 |     0.0077
        25 |    33.7949 |     9.5214 |    19.6788 |    52.4174 |     0.0181 |     0.0013
        50 |    38.1829 |    12.6704 |    17.4818 |    71.4391 |     0.0173 |     0.0006
       100 |    36.5351 |     9.1764 |    18.6258 |    52.8731 |     0.0180 |     0.0006
       500 |    40.6775 |    10.9157 |    24.4702 |    61.1388 |     0.0155 |     0.0003

=== n = 1000 ===
         m |   mean_mse |    std_mse |    min_mse |    max_mse |     mean_t |      std_t
----------------------------------------------------------------------------------------
        10 |     7.1291 |     2.2738 |     3.3416 |    11.1117 |     0.0214 |     0.0003
        50 |     7.3872 |     2.5373 |     3.7502 |    12.6898 |     0.0227 |     0.0014
       100 |     7.8970 |     2.7620 |     4.0580 |    14.9333 |     0.0233 |     0.0005
       200 |     9.0634 |     2.1436 |     5.9268 |    13.4645 |     0.0261 |     0.0004
      1000 |    10.6519 |     2.9159 |     6.1526 |    16.2453 |     0.0245 |     0.0010

=== n = 2000 ===
         m |   mean_mse |    std_mse |    min_mse |    max_mse |     mean_t |      std_t
----------------------------------------------------------------------------------------
        20 |     1.7680 |     0.7419 |     0.7066 |     4.0753 |     0.0311 |     0.0016
       100 |     2.0859 |     0.6911 |     0.9258 |     3.1691 |     0.0331 |     0.0005
       200 |     2.8707 |     1.1345 |     1.1692 |     5.9323 |     0.0369 |     0.0006
       400 |     2.5459 |     1.2329 |     0.8201 |     5.7551 |     0.0417 |     0.0009
      2000 |     3.2301 |     1.4579 |     1.0046 |     8.1458 |     0.0441 |     0.0012
