=== n = 300 ===
 clip_mult |   mean_mse |    std_mse |    min_mse |    max_mse |     mean_t |      std_t
----------------------------------------------------------------------------------------
     0.010 |     0.0035 |     0.0012 |     0.0022 |     0.0068 |     0.0156 |     0.0042
     0.020 |     0.0098 |     0.0040 |     0.0028 |     0.0209 |     0.0141 |     0.0000
     0.050 |     0.0665 |     0.0273 |     0.0236 |     0.1213 |     0.0141 |     0.0000
     0.100 |     0.3620 |     0.1273 |     0.1650 |     0.6507 |     0.0141 |     0.0000
     0.250 |     1.9464 |     0.6658 |     0.9980 |     3.2119 |     0.0140 |     0.0000

=== n = 600 ===
 clip_mult |   mean_mse |    std_mse |    min_mse |    max_mse |     mean_t |      std_t
----------------------------------------------------------------------------------------
     0.010 |     0.0037 |     0.0041 |     0.0007 |     0.0153 |     0.0193 |     0.0000
     0.020 |     0.0057 |     0.0043 |     0.0014 |     0.0142 |     0.0193 |     0.0001
     0.050 |     0.0241 |     0.0128 |     0.0058 |     0.0537 |     0.0193 |     0.0000
     0.100 |     0.1504 |     0.0957 |     0.0486 |     0.4902 |     0.0194 |     0.0001
     0.250 |     0.9129 |     0.2637 |     0.5303 |     1.4601 |     0.0194 |     0.0001

=== n = 1200 ===
 clip_mult |   mean_mse |    std_mse |    min_mse |    max_mse |     mean_t |      std_t
----------------------------------------------------------------------------------------
     0.010 |     0.0007 |     0.0002 |     0.0004 |     0.0013 |     0.0284 |     0.0001
     0.020 |     0.0017 |     0.0009 |     0.0007 |     0.0043 |     0.0284 |     0.0002
     0.050 |     0.0060 |     0.0033 |     0.0028 |     0.0137 |     0.0283 |     0.0001
     0.100 |     0.0340 |     0.0174 |     0.0124 |     0.0669 |     0.0283 |     0.0001
     0.250 |     0.3894 |     0.1189 |     0.2643 |     0.8477 |     0.0283 |     0.0001

=== n = 2100 ===
 clip_mult |   mean_mse |    std_mse |    min_mse |    max_mse |     mean_t |      std_t
----------------------------------------------------------------------------------------
     0.010 |     0.0010 |     0.0016 |     0.0003 |     0.0065 |     0.0372 |     0.0010
     0.020 |     0.0017 |     0.0019 |     0.0004 |     0.0067 |     0.0368 |     0.0001
     0.050 |     0.0036 |     0.0032 |     0.0005 |     0.0135 |     0.0367 |     0.0003
     0.100 |     0.0123 |     0.0045 |     0.0039 |     0.0239 |     0.0368 |     0.0002
     0.250 |     0.1308 |     0.0465 |     0.0588 |     0.2269 |     0.0366 |     0.0001
