=== n = 300 ===
         m |   mean_mse |    std_mse |    min_mse |    max_mse |     mean_t |      std_t
----------------------------------------------------------------------------------------
         3 |    57.5127 |     9.9074 |    39.8002 |    81.6197 |     0.0131 |     0.0039
        15 |    68.8800 |    11.8169 |    45.7052 |    90.3017 |     0.0119 |     0.0001
        30 |    74.2618 |    15.7565 |    49.9157 |   123.4667 |     0.0120 |     0.0001
        60 |    71.2240 |    21.6187 |    39.4885 |   135.2727 |     0.0125 |     0.0003
       300 |    88.0028 |    16.2165 |    59.6660 |   113.5906 |     0.0108 |     0.0004

=== n = 600 ===
         m |   mean_mse |    std_mse |    min_mse |    max_mse |     mean_t |      std_t
----------------------------------------------------------------------------------------
         6 |    24.4594 |     6.7323 |    11.3128 |    35.3663 |     0.0164 |     0.0007
        30 |    28.6623 |     5.6413 |    18.2474 |    42.8876 |     0.0165 |     0.0003
        60 |    29.6880 |     7.1356 |    16.5697 |    43.4966 |     0.0174 |     0.0008
       120 |    35.8721 |     8.1800 |    22.9088 |    56.4890 |     0.0176 |     0.0002
       600 |    37.9332 |     6.8633 |    25.4863 |    49.8927 |     0.0182 |     0.0023

=== n = 1200 ===
         m |   mean_mse |    std_mse |    min_mse |    max_mse |     mean_t |      std_t
----------------------------------------------------------------------------------------
        12 |     7.4145 |     1.7464 |     4.4674 |    10.7427 |     0.0232 |     0.0005
        60 |     9.3395 |     2.1239 |     5.2131 |    13.6903 |     0.0243 |     0.0006
       120 |    10.7435 |     2.4590 |     5.4369 |    15.5499 |     0.0249 |     0.0004
       240 |     9.6593 |     2.4754 |     5.0631 |    16.6052 |     0.0285 |     0.0009
      1200 |    12.2064 |     3.7833 |     5.9837 |    21.9665 |     0.0286 |     0.0004

=== n = 2100 ===
         m |   mean_mse |    std_mse |    min_mse |    max_mse |     mean_t |      std_t
----------------------------------------------------------------------------------------
        21 |     2.4774 |     0.7737 |     1.3351 |     4.0227 |     0.0298 |     0.0005
       105 |     2.9197 |     0.8610 |     1.7112 |     4.6785 |     0.0324 |     0.0012
       210 |     3.8405 |     1.0883 |     1.5361 |     5.7763 |     0.0355 |     0.0004
       420 |     3.8279 |     1.2461 |     2.1352 |     7.0073 |     0.0409 |     0.0004
      2100 |     3.9831 |     1.2356 |     1.8454 |     7.9478 |     0.0429 |     0.0004
