Run 1
MS Modes:
[[-3.176823e-04  4.894593e-03]
 [ 5.906333e+00 -2.253879e-02]
 [-5.954781e+00 -1.039183e-01]
 [-5.846518e-02  6.057584e+00]
 [ 2.452553e-02 -5.974389e+00]]
MS MSE: 0.006028
DP-GRAMS Modes:
[[ 0.602323 -5.818101]
 [-0.457824  6.186334]
 [ 5.632376  0.649576]
 [-5.605032  0.411906]
 [ 0.08854  -0.324385]]
DP MSE: 0.327206

Run 2
MS Modes:
[[-3.176823e-04  4.894593e-03]
 [ 5.906333e+00 -2.253879e-02]
 [-5.954781e+00 -1.039183e-01]
 [-5.846518e-02  6.057584e+00]
 [ 2.452553e-02 -5.974389e+00]]
MS MSE: 0.006028
DP-GRAMS Modes:
[[-0.090569  6.006163]
 [-5.710345 -0.315845]
 [-0.416147 -6.382962]
 [ 5.670581  0.187806]
 [ 0.395132 -0.43885 ]]
DP MSE: 0.200849

Run 3
MS Modes:
[[-3.176823e-04  4.894593e-03]
 [ 5.906333e+00 -2.253879e-02]
 [-5.954781e+00 -1.039183e-01]
 [-5.846518e-02  6.057584e+00]
 [ 2.452553e-02 -5.974389e+00]]
MS MSE: 0.006028
DP-GRAMS Modes:
[[-6.53979   0.384333]
 [-0.290934  5.342856]
 [ 6.140061 -0.323445]
 [ 0.333599 -0.177697]
 [-0.042909 -5.525597]]
DP MSE: 0.289913

Run 4
MS Modes:
[[-3.176823e-04  4.894593e-03]
 [ 5.906333e+00 -2.253879e-02]
 [-5.954781e+00 -1.039183e-01]
 [-5.846518e-02  6.057584e+00]
 [ 2.452553e-02 -5.974389e+00]]
MS MSE: 0.006028
DP-GRAMS Modes:
[[-0.010779 -0.007879]
 [ 0.180203  6.005657]
 [ 6.262669  0.04671 ]
 [ 0.296597 -5.602993]
 [-6.707397 -0.236483]]
DP MSE: 0.181156

Run 5
MS Modes:
[[-3.176823e-04  4.894593e-03]
 [ 5.906333e+00 -2.253879e-02]
 [-5.954781e+00 -1.039183e-01]
 [-5.846518e-02  6.057584e+00]
 [ 2.452553e-02 -5.974389e+00]]
MS MSE: 0.006028
DP-GRAMS Modes:
[[ 6.052491  0.322753]
 [-6.167775 -0.911974]
 [ 0.265867  6.199734]
 [ 0.119061 -0.707471]
 [-0.215249 -5.74849 ]]
DP MSE: 0.340326

Run 6
MS Modes:
[[-3.176823e-04  4.894593e-03]
 [ 5.906333e+00 -2.253879e-02]
 [-5.954781e+00 -1.039183e-01]
 [-5.846518e-02  6.057584e+00]
 [ 2.452553e-02 -5.974389e+00]]
MS MSE: 0.006028
DP-GRAMS Modes:
[[-0.136184 -0.042413]
 [ 0.635394  5.899026]
 [-6.047926 -0.228458]
 [ 6.405961 -0.511494]
 [ 0.700898 -5.794827]]
DP MSE: 0.289708

Run 7
MS Modes:
[[-3.176823e-04  4.894593e-03]
 [ 5.906333e+00 -2.253879e-02]
 [-5.954781e+00 -1.039183e-01]
 [-5.846518e-02  6.057584e+00]
 [ 2.452553e-02 -5.974389e+00]]
MS MSE: 0.006028
DP-GRAMS Modes:
[[ 0.537346  6.164516]
 [ 0.372493  0.934997]
 [ 6.301345  0.150063]
 [-0.063967 -6.214962]
 [-5.430698 -0.505353]]
DP MSE: 0.414378

Run 8
MS Modes:
[[-3.176823e-04  4.894593e-03]
 [ 5.906333e+00 -2.253879e-02]
 [-5.954781e+00 -1.039183e-01]
 [-5.846518e-02  6.057584e+00]
 [ 2.452553e-02 -5.974389e+00]]
MS MSE: 0.006028
DP-GRAMS Modes:
[[-0.431615  5.571912]
 [ 0.216172 -0.006151]
 [-6.032791  0.41043 ]
 [ 6.050051 -0.179339]
 [ 1.158161 -5.850404]]
DP MSE: 0.396846

Run 9
MS Modes:
[[-3.176823e-04  4.894593e-03]
 [ 5.906333e+00 -2.253879e-02]
 [-5.954781e+00 -1.039183e-01]
 [-5.846518e-02  6.057584e+00]
 [ 2.452553e-02 -5.974389e+00]]
MS MSE: 0.006028
DP-GRAMS Modes:
[[ 6.040529  0.187453]
 [-0.385191 -6.322869]
 [-6.083095  0.405424]
 [-0.455486 -0.522769]
 [ 0.367981  5.936525]]
DP MSE: 0.216173

Run 10
MS Modes:
[[-3.176823e-04  4.894593e-03]
 [ 5.906333e+00 -2.253879e-02]
 [-5.954781e+00 -1.039183e-01]
 [-5.846518e-02  6.057584e+00]
 [ 2.452553e-02 -5.974389e+00]]
MS MSE: 0.006028
DP-GRAMS Modes:
[[ 5.303687  0.525078]
 [-0.162529  0.062072]
 [ 0.165603  5.608365]
 [-6.036325  0.06357 ]
 [ 0.328322 -5.848796]]
DP MSE: 0.221530

Run 11
MS Modes:
[[-3.176823e-04  4.894593e-03]
 [ 5.906333e+00 -2.253879e-02]
 [-5.954781e+00 -1.039183e-01]
 [-5.846518e-02  6.057584e+00]
 [ 2.452553e-02 -5.974389e+00]]
MS MSE: 0.006028
DP-GRAMS Modes:
[[-0.101859 -6.128999]
 [ 0.292241  0.182108]
 [-5.778195 -0.135125]
 [ 5.206845 -0.057135]
 [ 0.062901  6.115745]]
DP MSE: 0.172550

Run 12
MS Modes:
[[-3.176823e-04  4.894593e-03]
 [ 5.906333e+00 -2.253879e-02]
 [-5.954781e+00 -1.039183e-01]
 [-5.846518e-02  6.057584e+00]
 [ 2.452553e-02 -5.974389e+00]]
MS MSE: 0.006028
DP-GRAMS Modes:
[[-6.103212  0.20582 ]
 [ 0.124017  5.6129  ]
 [ 5.928579  0.524192]
 [-0.381038 -0.434135]
 [ 0.237871 -5.774886]]
DP MSE: 0.187808

Run 13
MS Modes:
[[-3.176823e-04  4.894593e-03]
 [ 5.906333e+00 -2.253879e-02]
 [-5.954781e+00 -1.039183e-01]
 [-5.846518e-02  6.057584e+00]
 [ 2.452553e-02 -5.974389e+00]]
MS MSE: 0.006028
DP-GRAMS Modes:
[[-5.912605  0.17865 ]
 [ 0.197295 -6.36089 ]
 [-0.219222  6.045998]
 [ 6.056928  0.845903]
 [-0.295701  0.066413]]
DP MSE: 0.213907

Run 14
MS Modes:
[[-3.176823e-04  4.894593e-03]
 [ 5.906333e+00 -2.253879e-02]
 [-5.954781e+00 -1.039183e-01]
 [-5.846518e-02  6.057584e+00]
 [ 2.452553e-02 -5.974389e+00]]
MS MSE: 0.006028
DP-GRAMS Modes:
[[ 6.276006  0.095718]
 [-6.163055  0.338492]
 [-0.473863 -5.73443 ]
 [-0.286275  6.283566]
 [ 0.01111   0.178975]]
DP MSE: 0.143219

Run 15
MS Modes:
[[-3.176823e-04  4.894593e-03]
 [ 5.906333e+00 -2.253879e-02]
 [-5.954781e+00 -1.039183e-01]
 [-5.846518e-02  6.057584e+00]
 [ 2.452553e-02 -5.974389e+00]]
MS MSE: 0.006028
DP-GRAMS Modes:
[[-0.086518 -5.620657]
 [-6.116872  0.242584]
 [ 5.371414  0.195722]
 [-0.0226    5.965895]
 [ 0.02131  -0.089904]]
DP MSE: 0.133506

Run 16
MS Modes:
[[-3.176823e-04  4.894593e-03]
 [ 5.906333e+00 -2.253879e-02]
 [-5.954781e+00 -1.039183e-01]
 [-5.846518e-02  6.057584e+00]
 [ 2.452553e-02 -5.974389e+00]]
MS MSE: 0.006028
DP-GRAMS Modes:
[[-0.169325  0.387076]
 [ 0.180423 -5.918393]
 [-6.578691  0.510528]
 [-0.116782  6.75925 ]
 [ 6.169297  0.390932]]
DP MSE: 0.316964

Run 17
MS Modes:
[[-3.176823e-04  4.894593e-03]
 [ 5.906333e+00 -2.253879e-02]
 [-5.954781e+00 -1.039183e-01]
 [-5.846518e-02  6.057584e+00]
 [ 2.452553e-02 -5.974389e+00]]
MS MSE: 0.006028
DP-GRAMS Modes:
[[-5.389194e+00  6.003235e-01]
 [ 5.778208e+00 -2.072905e-01]
 [-2.294073e-03  6.232674e+00]
 [ 4.990570e-01 -5.388904e+00]
 [ 8.485112e-02 -5.304597e-01]]
DP MSE: 0.358172

Run 18
MS Modes:
[[-3.176823e-04  4.894593e-03]
 [ 5.906333e+00 -2.253879e-02]
 [-5.954781e+00 -1.039183e-01]
 [-5.846518e-02  6.057584e+00]
 [ 2.452553e-02 -5.974389e+00]]
MS MSE: 0.006028
DP-GRAMS Modes:
[[-0.070984 -6.450075]
 [ 5.580727  0.099842]
 [-5.917734 -0.021837]
 [ 0.328952 -0.281155]
 [-0.206009  6.188397]]
DP MSE: 0.133160

Run 19
MS Modes:
[[-3.176823e-04  4.894593e-03]
 [ 5.906333e+00 -2.253879e-02]
 [-5.954781e+00 -1.039183e-01]
 [-5.846518e-02  6.057584e+00]
 [ 2.452553e-02 -5.974389e+00]]
MS MSE: 0.006028
DP-GRAMS Modes:
[[ 6.180659  0.512137]
 [-5.289287  0.023574]
 [-0.102537  5.882601]
 [-0.354246 -0.447761]
 [ 0.260527 -6.17733 ]]
DP MSE: 0.250038

Run 20
MS Modes:
[[-3.176823e-04  4.894593e-03]
 [ 5.906333e+00 -2.253879e-02]
 [-5.954781e+00 -1.039183e-01]
 [-5.846518e-02  6.057584e+00]
 [ 2.452553e-02 -5.974389e+00]]
MS MSE: 0.006028
DP-GRAMS Modes:
[[-0.230429 -5.468027]
 [ 5.662444  0.306548]
 [-0.344469  6.396347]
 [-0.224919  0.350271]
 [-5.595314  0.098925]]
DP MSE: 0.233319

